%YAML:1.0
---
Calibrate_Accuracy: 1.0963814574831146e+00
Camera_Matrix: !!opencv-matrix
   rows: 3
   cols: 3
   dt: d
   data: [ 6.1613944607252529e+02, 0., 320., 0., 6.1613944607252529e+02,
       240., 0., 0., 1. ]
Distortion_Coefficients: !!opencv-matrix
   rows: 5
   cols: 1
   dt: d
   data: [ 3.6156303678603358e-01, -3.6316934603882527e+00, 0., 0.,
       1.4430990819385780e+01 ]
Rotation_Vector:
   - !!opencv-matrix
      rows: 3
      cols: 1
      dt: d
      data: [ -3.0841394064945869e-02, -5.2789861281082505e-02,
          -6.0977457887836845e-02 ]
   - !!opencv-matrix
      rows: 3
      cols: 1
      dt: d
      data: [ 6.1098937166164845e-02, -6.5959719022967017e-02,
          7.0936443195378796e-01 ]
   - !!opencv-matrix
      rows: 3
      cols: 1
      dt: d
      data: [ 1.9440125042493150e-01, 5.7118633093943116e-03,
          -6.9839259863158121e-01 ]
   - !!opencv-matrix
      rows: 3
      cols: 1
      dt: d
      data: [ -7.5443630061796219e-01, -3.7208280360740420e-02,
          -5.8153412889100219e-02 ]
   - !!opencv-matrix
      rows: 3
      cols: 1
      dt: d
      data: [ 4.8168910707173845e-01, 9.9034353586559352e-03,
          -3.8273434165673172e-02 ]
   - !!opencv-matrix
      rows: 3
      cols: 1
      dt: d
      data: [ 4.5516661925758106e-01, -6.1086747042784728e-01,
          1.4688728131627198e+00 ]
   - !!opencv-matrix
      rows: 3
      cols: 1
      dt: d
      data: [ 7.9125873021609627e-01, -4.8914775808633265e-01,
          9.0635838641840094e-01 ]
   - !!opencv-matrix
      rows: 3
      cols: 1
      dt: d
      data: [ 2.3673025515005605e-01, -9.4677803706489927e-01,
          1.8161403117653823e+00 ]
   - !!opencv-matrix
      rows: 3
      cols: 1
      dt: d
      data: [ 7.4928325698588338e-01, -8.5318929115430431e-01,
          1.3205806587249234e+00 ]
   - !!opencv-matrix
      rows: 3
      cols: 1
      dt: d
      data: [ -6.9851503105523893e-01, 5.3652255077500111e-01,
          1.3159684186034095e+00 ]
   - !!opencv-matrix
      rows: 3
      cols: 1
      dt: d
      data: [ -8.3393065155210866e-01, -1.1670638235834858e-01,
          7.3757688429855828e-01 ]
Translation_vector:
   - !!opencv-matrix
      rows: 3
      cols: 1
      dt: d
      data: [ -7.6416494150161967e+01, -7.1084174289313466e+01,
          3.6910099940558445e+02 ]
   - !!opencv-matrix
      rows: 3
      cols: 1
      dt: d
      data: [ -8.1791157464456134e+01, -1.0714701007204049e+02,
          4.5762522222331881e+02 ]
   - !!opencv-matrix
      rows: 3
      cols: 1
      dt: d
      data: [ -1.3347401254069749e+02, 2.4302288396175090e+01,
          4.7519685123369692e+02 ]
   - !!opencv-matrix
      rows: 3
      cols: 1
      dt: d
      data: [ -1.2280784816512818e+02, -9.3658525906326716e+01,
          4.9544118392424991e+02 ]
   - !!opencv-matrix
      rows: 3
      cols: 1
      dt: d
      data: [ -9.7623036676540380e+01, -8.8625704391417827e+01,
          4.2774736451688335e+02 ]
   - !!opencv-matrix
      rows: 3
      cols: 1
      dt: d
      data: [ 3.4670694164186102e+01, -7.1843606785298775e+01,
          3.7171300070171031e+02 ]
   - !!opencv-matrix
      rows: 3
      cols: 1
      dt: d
      data: [ -2.8574797257253376e+01, -6.7193583787021183e+01,
          3.1368962158506008e+02 ]
   - !!opencv-matrix
      rows: 3
      cols: 1
      dt: d
      data: [ 1.2830847211641770e+02, -7.0242441681177581e+01,
          4.0422101735091229e+02 ]
   - !!opencv-matrix
      rows: 3
      cols: 1
      dt: d
      data: [ 1.9343824464334869e+01, -6.1413946599482308e+01,
          3.2452929514477944e+02 ]
   - !!opencv-matrix
      rows: 3
      cols: 1
      dt: d
      data: [ 4.0092975900739837e+01, -1.6851035467274764e+02,
          5.2880528458054312e+02 ]
   - !!opencv-matrix
      rows: 3
      cols: 1
      dt: d
      data: [ -1.5649193887212267e+01, -1.4894066982617255e+02,
          5.5278889087254515e+02 ]
# Rotation vector + Translation vector
extrinsic_parameters: !!opencv-matrix
   rows: 11
   cols: 6
   dt: d
   data: [ -3.0841394064945869e-02, -5.2789861281082505e-02,
       -6.0977457887836845e-02, -7.6416494150161967e+01,
       -7.1084174289313466e+01, 3.6910099940558445e+02,
       6.1098937166164845e-02, -6.5959719022967017e-02,
       7.0936443195378796e-01, -8.1791157464456134e+01,
       -1.0714701007204049e+02, 4.5762522222331881e+02,
       1.9440125042493150e-01, 5.7118633093943116e-03,
       -6.9839259863158121e-01, -1.3347401254069749e+02,
       2.4302288396175090e+01, 4.7519685123369692e+02,
       -7.5443630061796219e-01, -3.7208280360740420e-02,
       -5.8153412889100219e-02, -1.2280784816512818e+02,
       -9.3658525906326716e+01, 4.9544118392424991e+02,
       4.8168910707173845e-01, 9.9034353586559352e-03,
       -3.8273434165673172e-02, -9.7623036676540380e+01,
       -8.8625704391417827e+01, 4.2774736451688335e+02,
       4.5516661925758106e-01, -6.1086747042784728e-01,
       1.4688728131627198e+00, 3.4670694164186102e+01,
       -7.1843606785298775e+01, 3.7171300070171031e+02,
       7.9125873021609627e-01, -4.8914775808633265e-01,
       9.0635838641840094e-01, -2.8574797257253376e+01,
       -6.7193583787021183e+01, 3.1368962158506008e+02,
       2.3673025515005605e-01, -9.4677803706489927e-01,
       1.8161403117653823e+00, 1.2830847211641770e+02,
       -7.0242441681177581e+01, 4.0422101735091229e+02,
       7.4928325698588338e-01, -8.5318929115430431e-01,
       1.3205806587249234e+00, 1.9343824464334869e+01,
       -6.1413946599482308e+01, 3.2452929514477944e+02,
       -6.9851503105523893e-01, 5.3652255077500111e-01,
       1.3159684186034095e+00, 4.0092975900739837e+01,
       -1.6851035467274764e+02, 5.2880528458054312e+02,
       -8.3393065155210866e-01, -1.1670638235834858e-01,
       7.3757688429855828e-01, -1.5649193887212267e+01,
       -1.4894066982617255e+02, 5.5278889087254515e+02 ]
